0.0 20
21 210.0 20.0 0 0 0 0 -70.0 0 0
21 210.0 60.0 0 0 0 0 -70.0 0 0
21 210.0 100.0 0 0 0 0 -70.0 0 0
14 210.0 140.0 0 0 0 0 -70.0 0 0
19 250.0 20.0 0 0 0 0 -70.0 0 0
19 250.0 60.0 0 0 0 0 -70.0 0 0
12 250.0 100.0 0 0 0 0 -70.0 0 0
18 250.0 140.0 0 0 0 0 -70.0 0 0
16 290.0 100.0 0 0 0 0 -70.0 0 0
15 290.0 140.0 0 0 0 0 -70.0 0 0
19 570.0 20.0 0 0 0 0 -70.0 0 0
19 570.0 60.0 0 0 0 0 -70.0 0 0
19 570.0 100.0 0 0 0 0 -70.0 0 0
15 570.0 140.0 0 0 0 0 -70.0 0 0
21 530.0 20.0 0 0 0 0 -70.0 0 0
21 530.0 60.0 0 0 0 0 -70.0 0 0
13 530.0 100.0 0 0 0 0 -70.0 0 0
18 530.0 140.0 0 0 0 0 -70.0 0 0
17 490.0 100.0 0 0 0 0 -70.0 0 0
14 490.0 140.0 0 0 0 0 -70.0 0 0

1.0 3
1 150.0 630.0 0 0 0 0 -60.0 0 2
1 500.0 660.0 0 0 0 0 -70.0 0 2
1 730.0 750.0 0 0 0 0 -40.0 0 2

0.5 2
1 250.0 700.0 0 0 0 0 -40.0 0 2
1 620.0 690.0 0 0 0 0 -80.0 0 2

5.0 3
5 450.0 800.0 0 0 0 0 -60.0 0 2
5 200.0 730.0 0 0 0 0 -60.0 0 2
5 680.0 690.0 0 0 0 0 -60.0 0 2

4.0 1
4 500.0 630.0 1 -150.0 -20.0 250.0 -50.0 0 0
0.7 1
4 500.0 630.0 1 -150.0 -20.0 250.0 -50.0 0 0
0.7 1
4 500.0 630.0 1 -150.0 -20.0 250.0 -50.0 0 0
0.7 1
4 500.0 630.0 1 -150.0 -20.0 250.0 -50.0 0 0
0.7 1
4 500.0 630.0 1 -150.0 -20.0 250.0 -50.0 0 0
0.7 1
4 500.0 630.0 1 -150.0 -20.0 250.0 -50.0 0 0
0.7 1
4 500.0 630.0 1 -150.0 -20.0 250.0 -50.0 0 0
0.7 1
4 500.0 630.0 1 -150.0 -20.0 250.0 -50.0 0 0
0.7 1
4 500.0 630.0 1 -150.0 -20.0 250.0 -50.0 0 0

2.0 3
1 200.0 630.0 0 0 0 0 -60.0 0 2
1 330.0 750.0 0 0 0 0 -90.0 0 2
1 600.0 700.0 0 0 0 0 -60.0 0 2

4.0 6
4 100.0 630.0 1 -100.0 -20.0 100.0 -60.0 0 0
4 300.0 700.0 1  100.0  20.0 100.0 -60.0 0 0
4 500.0 630.0 1 -100.0 -20.0 100.0 -60.0 0 0
4 700.0 700.0 1  100.0  20.0 100.0 -60.0 0 0
4 200.0 630.0 1 -100.0 -20.0 100.0 -60.0 0 0
4 600.0 700.0 1  100.0  20.0 100.0 -60.0 0 0

2.0 10
17 780.0 620.0 0 0 0 0 -60.0 0 0
13 780.0 660.0 0 0 0 0 -60.0 0 0
22 780.0 700.0 0 0 0 0 -60.0 0 0
10 780.0 740.0 0 0 0 0 -60.0 0 0
14 780.0 780.0 0 0 0 0 -60.0 0 0
17 740.0 660.0 0 0 0 0 -60.0 0 0
21 740.0 700.0 0 0 0 0 -60.0 0 0
14 740.0 739.0 0 0 0 0 -60.0 0 0
3 730.0 660.0 0 0 0 0 -60.0 112 0
3 730.0 740.0 0 0 0 0 -60.0 192 0

5.0 3
0 150.0 630.0 0 100 0 0 -90.0 0 0
0  75.0 650.0 0 100 0 0 -90.0 0 0
0   0.0 670.0 0 100 0 0 -90.0 0 0

2.0 3
1 100.0 630.0 0 0 0 0 -60.0 0 2
1 250.0 720.0 0 0 0 0 -90.0 0 2
1 700.0 690.0 0 0 0 0 -40.0 0 2

3.0 10
16 20.0 620.0 0 0 0 0 -60.0 0 0
12 20.0 660.0 0 0 0 0 -60.0 0 0
22 20.0 700.0 0 0 0 0 -60.0 0 0
11 20.0 740.0 0 0 0 0 -60.0 0 0
15 20.0 780.0 0 0 0 0 -60.0 0 0
16 60.0 660.0 0 0 0 0 -60.0 0 0
19 60.0 700.0 0 0 0 0 -60.0 0 0
15 60.0 739.0 0 0 0 0 -60.0 0 0
3 70.0 660.0 0 0 0 0 -60.0 28 0
3 70.0 740.0 0 0 0 0 -60.0 6 0

3.0 1
4 830.0 550.0 0 -100 0 0 -70.0 0 0

0.7 1
4 830.0 550.0 0 -100 0 0 -70.0 0 0

0.7 1
4 830.0 550.0 0 -100 0 0 -70.0 0 0

0.7 1
4 830.0 550.0 0 -100 0 0 -70.0 0 0

0.7 1
4 830.0 550.0 0 -100 0 0 -70.0 0 0

0.7 1
4 830.0 550.0 0 -100 0 0 -70.0 0 0

0.7 1
4 830.0 550.0 0 -100 0 0 -70.0 0 0

0.7 1
4 830.0 550.0 0 -100 0 0 -70.0 0 0

0.7 1
4 830.0 550.0 0 -100 0 0 -70.0 0 0

10.0 0
