1.0 3
1 830.0 250.0 0 -100 0 0 -90.0 0 0
1 830.0 450.0 0 -70 0 0 -90.0 0 0
1 700.0 650.0 0 -130 0 0 -90.0 0 0

1.0 3
1 830.0 350.0 0 -80 0 0 -90.0 0 0
1 830.0 550.0 0 -120 0 0 -90.0 0 0
1 600.0 650.0 0 -90 0 0 -90.0 0 0

1.0 3
1 830.0 450.0 0 -80 0 0 -90.0 0 0
1 750.0 650.0 0 -70 0 0 -90.0 0 0
1 550.0 650.0 0 -130 0 0 -90.0 0 0

1.0 3
1 830.0 500.0 0 -110 0 0 -90.0 0 0
1 650.0 650.0 0 -80 0 0 -90.0 0 0
1 830.0 300.0 0 -100 0 0 -90.0 0 0

1.0 2
2 50.0 630.0 0 0 0 0 -70.0 0 0
2 750.0 630.0 0 0 0 0 -70.0 0 0

1.0 3
1 830.0 200.0 0 -70 0 0 -90.0 0 0
1 830.0 450.0 0 -110 0 0 -90.0 0 0
1 830.0 700.0 0 -90 0 0 -90.0 0 0

1.5 3
1 830.0 600.0 0 -130 0 0 -90.0 0 0
1 650.0 750.0 0 -70 0 0 -90.0 0 0
1 830.0 400.0 0 -100 0 0 -90.0 0 0

1.5 3
1 830.0 700.0 0 -90 0 0 -90.0 0 0
1 830.0 550.0 0 -100 0 0 -90.0 0 0
1 830.0 400.0 0 -70 0 0 -90.0 0 0

1.0 1
2 600.0 800.0 0 0 0 0 -70.0 0 0

1.0 3
1 830.0 200.0 0 -130 0 0 -90.0 0 0
1 830.0 350.0 0 -100 0 0 -90.0 0 0
1 830.0 550.0 0 -100 0 0 -90.0 0 0

1.0 3
1 830.0 150.0 0 -70 0 0 -90.0 0 0
1 830.0 450.0 0 -90 0 0 -90.0 0 0
1 830.0 550.0 0 -120 0 0 -90.0 0 0

1.0 3
1 830.0 350.0 0 -130 0 0 -90.0 0 0
1 830.0 650.0 0 -100 0 0 -90.0 0 0
1 830.0 750.0 0 -80 0 0 -90.0 0 0

1.0 3
1 830.0 500.0 0 -100 0 0 -90.0 0 0
1 700.0 630.0 0 -90 0 0 -90.0 0 0
1 830.0 750.0 0 -120 0 0 -90.0 0 0


3.0 7
0  50.0 630.0 1 70 20 50 -70.0 0 0
0 750.0 630.0 1 70 20 50 -70.0 0 0
0 150.0 700.0 1 70 20 50 -70.0 0 0
0 650.0 700.0 1 70 20 50 -70.0 0 0
0 250.0 770.0 1 70 20 50 -70.0 0 0
0 550.0 770.0 1 70 20 50 -70.0 0 0
2 400.0 840.0 0 0 0 0 -70.0 0 0

5.0 10
16 20.0 620.0 0 0 0 0 -60.0 0 0
12 20.0 660.0 0 0 0 0 -60.0 0 0
22 20.0 700.0 0 0 0 0 -60.0 0 0
11 20.0 740.0 0 0 0 0 -60.0 0 0
15 20.0 780.0 0 0 0 0 -60.0 0 0
16 60.0 660.0 0 0 0 0 -60.0 0 0
19 60.0 700.0 0 0 0 0 -60.0 0 0
15 60.0 739.0 0 0 0 0 -60.0 0 0
3 70.0 660.0 0 0 0 0 -60.0 28 0
3 70.0 740.0 0 0 0 0 -60.0 6 0

4.0 3
1 830.0 200.0 0 -130 0 0 -90.0 0 0
1 830.0 350.0 0 -100 0 0 -90.0 0 0
1 830.0 550.0 0 -100 0 0 -90.0 0 0

1.0 3
1 830.0 350.0 0 -130 0 0 -90.0 0 0
1 830.0 650.0 0 -100 0 0 -90.0 0 0
1 830.0 750.0 0 -80 0 0 -90.0 0 0

1.0 3
1 830.0 500.0 0 -100 0 0 -90.0 0 0
1 700.0 630.0 0 -90 0 0 -90.0 0 0
1 830.0 750.0 0 -120 0 0 -90.0 0 0

1.0 3
1 830.0 150.0 0 -70 0 0 -90.0 0 0
1 830.0 450.0 0 -90 0 0 -90.0 0 0
1 830.0 550.0 0 -120 0 0 -90.0 0 0

5.0 1
4 830.0 550.0 0 -100 0 0 -40.0 0 0

0.7 1
4 830.0 550.0 0 -100 0 0 -40.0 0 0

0.7 1
4 830.0 550.0 0 -100 0 0 -40.0 0 0

0.7 1
4 830.0 550.0 0 -100 0 0 -40.0 0 0

0.7 1
4 830.0 550.0 0 -100 0 0 -40.0 0 0

0.7 1
4 830.0 550.0 0 -100 0 0 -40.0 0 0

0.7 1
4 830.0 550.0 0 -100 0 0 -40.0 0 0

0.7 1
4 830.0 550.0 0 -100 0 0 -40.0 0 0

0.7 1
4 830.0 550.0 0 -100 0 0 -40.0 0 0

3.0 3
1 830.0 500.0 0 -100 0 0 -90.0 0 0
1 700.0 630.0 0 -90 0 0 -90.0 0 0
1 830.0 750.0 0 -120 0 0 -90.0 0 0

1.0 3
1 830.0 350.0 0 -130 0 0 -90.0 0 0
1 830.0 650.0 0 -100 0 0 -90.0 0 0
1 830.0 750.0 0 -80 0 0 -90.0 0 0

1.0 3
1 830.0 150.0 0 -70 0 0 -90.0 0 0
1 830.0 450.0 0 -90 0 0 -90.0 0 0
1 830.0 550.0 0 -120 0 0 -90.0 0 0

3.0 2
5 250.0 550.0 0 0 0 0 -60.0 0 0
5 550.0 550.0 0 0 0 0 -60.0 0 0

10.0 0

