
2.0 7
4 400.0 630.0 0 0 0 0 -60.0 0 0
4 420.0 690.0 0 0 0 0 -60.0 0 0
4 380.0 690.0 0 0 0 0 -60.0 0 0
4 440.0 750.0 0 0 0 0 -60.0 0 0
4 360.0 750.0 0 0 0 0 -60.0 0 0
4 460.0 810.0 0 0 0 0 -60.0 0 0
4 340.0 810.0 0 0 0 0 -60.0 0 0

3.0 2
0 150.0 630.0 1 100 20 150 -70.0 0 0
0 650.0 630.0 1 -100 -20 150 -70.0 0 0

0.7 2
0 150.0 630.0 1 100 20 150 -70.0 0 0
0 650.0 630.0 1 -100 -20 150 -70.0 0 0

0.7 2
0 150.0 630.0 1 100 20 150 -70.0 0 0
0 650.0 630.0 1 -100 -20 150 -70.0 0 0

0.7 2
0 150.0 630.0 1 100 20 150 -70.0 0 0
0 650.0 630.0 1 -100 -20 150 -70.0 0 0

0.7 2
0 150.0 630.0 1 100 20 150 -70.0 0 0
0 650.0 630.0 1 -100 -20 150 -70.0 0 0

0.7 2
0 150.0 630.0 1 100 20 150 -70.0 0 0
0 650.0 630.0 1 -100 -20 150 -70.0 0 0

1.0 7
6 400.0 640.0 0 0 0 0 -40.0 0 2
3 423.0 584.0 0 0 0 0 -40.0 28 1
3 382.0 584.0 0 0 0 0 -40.0 112 1
3 353.0 609.0 0 0 0 0 -40.0 28 1
3 352.0 609.0 0 0 0 0 -40.0 112 1
3 424.0 650.0 0 0 0 0 -40.0 6 1
3 380.0 650.0 0 0 0 0 -40.0 192 1

4.0 2
0 830.0 630.0 0 -80 0 0 -50.0 0 0
0 -30.0 630.0 0 80 0 0 -50.0 0 0

0.7 2
0 830.0 630.0 0 -80 0 0 -50.0 0 0
0 -30.0 630.0 0 80 0 0 -50.0 0 0

0.7 2
0 830.0 630.0 0 -80 0 0 -50.0 0 0
0 -30.0 630.0 0 80 0 0 -50.0 0 0

0.7 2
0 830.0 630.0 0 -80 0 0 -50.0 0 0
0 -30.0 630.0 0 80 0 0 -50.0 0 0

0.7 2
0 830.0 630.0 0 -80 0 0 -50.0 0 0
0 -30.0 630.0 0 80 0 0 -50.0 0 0

0.7 2
0 830.0 630.0 0 -80 0 0 -50.0 0 0
0 -30.0 630.0 0 80 0 0 -50.0 0 0

6.0 3
1 830.0 450.0 0 -80 0 0 -90.0 0 0
1 750.0 650.0 0 -70 0 0 -90.0 0 0
1 550.0 650.0 0 -130 0 0 -90.0 0 0

1.0 3
1 830.0 350.0 0 -80 0 0 -90.0 0 0
1 830.0 550.0 0 -120 0 0 -90.0 0 0
1 600.0 650.0 0 -90 0 0 -90.0 0 0

1.0 3
1 830.0 250.0 0 -100 0 0 -90.0 0 0
1 830.0 450.0 0 -70 0 0 -90.0 0 0
1 700.0 650.0 0 -130 0 0 -90.0 0 0

1.0 3
1 830.0 500.0 0 -110 0 0 -90.0 0 0
1 650.0 650.0 0 -80 0 0 -90.0 0 0
1 830.0 300.0 0 -100 0 0 -90.0 0 0

4.0 3
2 400.0 630.0 0 0 0 0 -60.0 0 0
2 100.0 630.0 0 0 0 0 -60.0 0 0
2 700.0 630.0 0 0 0 0 -60.0 0 0

4.0 4
5 150.0 630.0 0 0 0 0 -50.0 0 0
5 300.0 670.0 0 0 0 0 -50.0 0 0
5 500.0 630.0 0 0 0 0 -50.0 0 0
5 750.0 670.0 0 0 0 0 -50.0 0 0

6.0 7
6 400.0 640.0 0 0 0 0 -40.0 0 2
3 423.0 584.0 0 0 0 0 -40.0 28 1
3 382.0 584.0 0 0 0 0 -40.0 112 1
3 353.0 609.0 0 0 0 0 -40.0 28 1
3 352.0 609.0 0 0 0 0 -40.0 112 1
3 424.0 650.0 0 0 0 0 -40.0 6 1
3 380.0 650.0 0 0 0 0 -40.0 192 1

10.0 0
